2 262 0.008155
6 73 0.007136
7 1227 0.007136
8 416 0.007136
8 1175 0.008155
16 215 0.007136
16 835 0.007136
16 1494 0.007136
18 835 0.007136
18 1494 0.007136
32 1063 0.008155
50 140 0.007136
50 486 0.008155
50 509 0.008155
50 894 0.011213
50 1340 0.008155
57 416 0.009174
57 1106 0.014271
57 1138 0.007136
57 1288 0.008155
62 315 0.008155
62 753 0.007136
67 492 0.007136
68 162 0.010194
70 71 0.007136
71 911 0.007136
71 1462 0.007136
73 635 0.007136
82 140 0.010194
82 748 0.007136
82 894 0.010194
83 1053 0.009174
83 1072 0.007136
83 1147 0.007136
104 1197 0.008155
112 140 0.008155
112 215 0.007136
112 734 0.007136
112 835 0.007136
112 857 0.007136
112 1014 0.008155
112 1494 0.007136
133 503 0.010194
137 887 0.008155
137 1110 0.012232
140 509 0.007136
140 585 0.007136
140 734 0.010194
140 748 0.008155
140 795 0.009174
140 827 0.007136
140 834 0.007136
140 835 0.007136
140 843 0.007136
140 857 0.007136
140 885 0.009174
140 894 0.012232
140 1014 0.007136
140 1041 0.007136
140 1340 0.012232
140 1494 0.008155
141 165 0.009174
141 1280 0.008155
144 1320 0.007136
165 489 0.007136
165 1110 0.007136
178 214 0.007136
178 448 0.008155
178 751 0.008155
178 1335 0.010194
194 751 0.009174
197 208 0.007136
197 531 0.012232
197 808 0.013252
197 968 0.010194
203 710 0.008155
203 960 0.010194
203 1499 0.007136
208 214 0.008155
208 531 0.008155
215 835 0.007136
215 1494 0.007136
221 709 0.007136
221 1165 0.007136
221 1462 0.010194
229 477 0.007136
229 525 0.010194
235 1447 0.007136
235 1462 0.007136
237 423 0.007136
246 941 0.010194
315 753 0.007136
323 1279 0.007136
323 1342 0.008155
323 1409 0.007136
323 1459 0.007136
325 768 0.009174
344 1158 0.008155
366 1068 0.011213
384 499 0.007136
384 1335 0.007136
395 768 0.007136
398 1479 0.009174
398 1492 0.008155
415 886 0.011213
416 578 0.008155
416 1175 0.008155
419 1288 0.007136
448 740 0.009174
448 1479 0.008155
461 985 0.008155
464 556 0.008155
474 486 0.008155
478 756 0.013252
478 1106 0.007136
478 1320 0.014271
479 808 0.007136
479 1420 0.012232
486 509 0.008155
486 894 0.011213
486 1340 0.008155
499 1335 0.007136
509 885 0.008155
509 894 0.013252
509 1340 0.008155
531 968 0.018349
531 1072 0.009174
548 1290 0.012232
556 698 0.007136
563 1392 0.008155
578 1175 0.008155
584 585 0.010194
584 885 0.007136
584 894 0.007136
584 1340 0.009174
585 885 0.007136
585 894 0.008155
585 1340 0.009174
590 768 0.007136
590 962 0.007136
606 782 0.007136
636 1299 0.007136
637 749 0.007136
653 1110 0.009174
671 727 0.009174
673 1106 0.008155
683 799 0.007136
702 933 0.007136
710 960 0.009174
712 1172 0.008155
712 1177 0.020387
721 1448 0.007136
726 808 0.009174
734 835 0.007136
734 894 0.007136
734 1494 0.008155
738 894 0.007136
748 894 0.007136
748 1014 0.010194
748 1041 0.007136
748 1340 0.008155
748 1494 0.007136
749 802 0.007136
749 849 0.007136
751 1335 0.007136
756 1320 0.015291
773 927 0.008155
795 834 0.007136
795 885 0.007136
795 1340 0.008155
802 840 0.008155
814 815 0.007136
827 857 0.007136
827 894 0.007136
834 885 0.007136
834 1340 0.009174
835 1494 0.008155
840 849 0.008155
857 894 0.008155
857 1014 0.009174
857 1340 0.008155
860 1181 0.008155
885 894 0.008155
885 1340 0.012232
894 1014 0.007136
894 1041 0.008155
894 1340 0.012232
894 1478 0.007136
960 1315 0.007136
963 1069 0.007136
965 1325 0.007136
968 1053 0.009174
968 1072 0.007136
974 1456 0.007136
979 1095 0.012232
999 1322 0.007136
1014 1060 0.009174
1014 1340 0.008155
1030 1308 0.007136
1044 1110 0.008155
1053 1072 0.011213
1053 1147 0.007136
1072 1147 0.007136
1106 1138 0.013252
1172 1177 0.009174
1172 1328 0.007136
1172 1385 0.008155
1223 1358 0.007136
1421 1462 0.009174
1450 1463 0.007136
1471 1481 0.009174
1479 1492 0.008155
16 835 1494 0.007136
18 835 1494 0.007136
50 486 894 0.008155
50 486 1340 0.007136
50 509 894 0.008155
50 894 1340 0.007136
57 1106 1138 0.007136
82 140 894 0.008155
83 1053 1072 0.007136
83 1053 1147 0.007136
83 1072 1147 0.007136
112 140 1014 0.007136
112 215 835 0.007136
112 215 1494 0.007136
112 835 1494 0.007136
140 509 894 0.007136
140 734 1494 0.007136
140 834 1340 0.007136
140 835 1494 0.007136
140 885 1340 0.008155
140 894 1340 0.008155
178 751 1335 0.007136
197 531 968 0.010194
203 710 960 0.008155
215 835 1494 0.007136
384 499 1335 0.007136
398 1479 1492 0.008155
478 756 1320 0.011213
486 509 894 0.008155
486 894 1340 0.008155
509 894 1340 0.007136
531 968 1072 0.007136
584 585 885 0.007136
584 585 894 0.007136
584 585 1340 0.009174
584 885 1340 0.007136
584 894 1340 0.007136
585 885 1340 0.007136
585 894 1340 0.007136
712 1172 1177 0.008155
734 835 1494 0.007136
795 834 1340 0.007136
834 885 1340 0.007136
885 894 1340 0.007136
1053 1072 1147 0.007136
50 486 894 1340 0.007136
83 1053 1072 1147 0.007136
112 215 835 1494 0.007136
584 585 885 1340 0.007136
584 585 894 1340 0.007136
